33841
19680
72876
54934
14505
39984
8720
72658
79833
98683
11604
51498
76719
25181
28934
35368
7006
34660
7331
96662
9091
44552
44250
24786
85088
20932
75292
98671
8062
36873
50496
8336
95229
18142
41221
47677
80262
89387
73991
97214
6719
14459
13064
14168
3501
14460
70249
66837
88340
64691
54559
19109
18469
76456
87515
25914
2392
12599
83549
80055
90172
1056
83969
38923
92599
43211
4133
10490
58779
98376
64175
77797
18698
25584
93171
62351
25051
88075
52021
34121
9094
92420
32959
94503
36813
8305
70092
28507
97668
23825
28947
19593
43754
94030
36137
77305
29649
52125
81611
10298
59818
44139
73972
57214
7965
91413
1560
79478
66440
18738
26399
86607
96026
35589
30352
90216
43865
94206
33055
15401
78962
52527
91561
79234
79276
42843
61756
31019
55072
1318
43126
31446
91608
44706
77696
65911
47029
20205
96896
78512
81443
9281
22483
22898
53176
89667
60428
73953
50740
87096
91859
18429
10483
73376
9388
29614
61901
2270
17494
68638
84126
95413
98171
285
30964
74626
1358
14636
886
9584
74434
81521
75944
54007
67121
13202
85516
84246
72690
68666
30765
67171
55365
82055
76914
70897
78663
36332
27953
51655
64445
96392
5356
79124
16802
34392
26959
80901
88026
77980
49403
50833
51699
33856
28359
26527
4939
7372
35580
56181
93048
11470
87785
46824
30739
99823
11347
60962
82197
95984
82123
54403
35856
79830
61565
19956
28917
80081
87668
21634
74967
85207
33471
62409
21166
21991
53954
37551
53354
29172
35933
51929
33284
3942
77830
71373
31048
17575
1108
74766
23531
6724
59921
33410
17872
98717
37599
33108
35073
61493
74935
39342
61238
91817
58186
22132
43677
93217
53239
80341
29918
88693
11614
38132
95012
98314
82317
62023
26257
9544
98644
15542
97411
63230
6885
48400
2301
61394
29518
71848
95321
91601
31445
63085
5899
82568
38079
50747
44348
47692
23488
1624
70093
66659
48061
97919
43915
78504
70551
26864
9231
51259
85073
1169
87673
92048
55000
25723
43177
18681
41788
5382
40610
49903
10322
24054
78475
41957
62439
42998
92696
89564
41526
7482
1608
38307
24955
81617
38581
23862
29693
3638
39420
37490
58279
85410
62594
60357
37367
63973
79515
83804
92832
9308
43666
63955
30141
37394
22829
48635
26639
38227
36679
20290
7281
81132
23996
47601
30611
83280
35081
45939
93863
95151
62132
25761
28420
12216
19711
21924
77870
67185
10778
18919
60021
93504
72363
93082
53304
78956
69459
31492
41099
79341
99730
19537
26695
71580
34345
57843
12402
20939
73442
55797
32383
36936
30815
26435
54427
387
37660
54068
11412
46298
95883
82719
57780
6057
71312
57220
11387
68561
69115
787
60855
38182
26051
52973
24261
16389
50528
45588
10537
8540
65597
24973
43669
76496
47280
42769
53267
35426
71359
94774
90135
78865
12434
84220
12638
20579
51820
77393
66541
5398
55241
14063
63254
34539
56523
87426
93014
76839
32332
50663
24088
65348
30630
21199
51039
57389
70148
3894
13972
5341
98430
10483
55592
11664
66196
47490
13884
23808
71406
67266
91035
40489
657
3596
54378
28522
42268
76547
53424
43970
87633
66555
53315
44151
41838
614
73253
6411
76103
75593
7796
66074
53561
41494
91288
22004
32690
12311
27679
77081
54317
82704
59787
29818
64659
43523
57911
22591
38083
71353
38502
46816
63911
71718
99817
73003
13859
71107
72025
86678
45042
56759
24814
3095
93505
33591
12183
68467
96768
95944
92790
3292
38302
24922
25775
25208
73330
25254
73285
37029
51701
34852
3410
69285
42119
87728
65638
1264
78177
72368
85429
38903
47010
89411
11109
21410
32240
95952
97432
52782
85173
35300
56884
19212
38022
5166
59960
45868
59149
92936
82231
43426
77581
85798
67180
94009
69734
86623
77509
23243
23220
29823
72839
9953
92824
86879
98651
36952
31012
11723
37920
20395
46550
94485
28683
65153
99927
33518
44535
88678
6560
52288
18373
6784
38781
90678
1255
12018
74771
95747
6347
20030
93683
41953
31988
97008
91205
25914
22611
13543
60734
31721
99935
31678
11699
26647
95457
66986
2644
52076
65915
57624
922
30527
80321
10231
23422
67017
43938
83756
78390
83955
51742
36765
11921
51335
33288
69416
59058
30155
8484
79924
53560
50767
52140
7035
55578
31253
27252
56644
56995
24002
76732
94956
31990
18596
97080
91361
85862
84721
32662
18046
8893
58061
84779
20123
58185
17923
94048
76465
90999
74253
61572
17160
8356
37696
54685
15267
42436
78641
96926
88559
23693
82093
7327
92130
34960
54477
28189
82269
82756
6532
24364
57776
78188
30725
15456
22618
88086
85774
78959
1746
29987
50321
97377
72775
7973
87544
33203
58442
19703
63572
31229
62480
5333
78915
95517
28394
57935
95016
17150
33803
78014
81230
44973
75235
77329
24733
26396
63044
29323
33654
82761
284
37114
99721
7528
76833
57829
3882
13591
47547
55902
27557
79788
65873
62662
46402
56970
84342
94113
52615
88860
98664
63353
6216
84683
48486
80143
73732
35716
24352
82186
21267
15514
96116
23574
36478
881
85403
52039
24853
83990
71032
84250
99400
62853
42654
3840
47983
57594
41128
98656
94633
24908
12221
19162
98719
64669
74868
89761
55210
4049
28901
28376
8406
95065
87784
91511
53842
56012
41964
53738
90566
69195
82668
10791
76014
33259
71088
91993
37253
59596
89882
72021
22311
63232
2266
57106
64263
7409
71811
59175
91744
3856
5103
56693
74170
62012
87246
77140
26094
31281
54915
65763
35024
85247
55419
66804
63124
18478
16816
94300
99110
38077
3398
3086
11158
3617
80042
16227
76106
57222
15964
60188
30523
90151
40234
80397
16405
42122
40576
2324
42593
88493
67485
53333
23439
32195
5206
90434
35866
89760
13108
43689
53348
71791
98331
864
45411
79681
85564
2554
88420
96938
39540
42454
69146
94664
78814
5595
24483
23659
73361
84649
17973
67555
37228
49616
99111
52819
12282
9893
52347
45287
63259
38774
90469
54534
89207
22869
51159
43867
85504
38239
49216
77722
47867
75658
57906
73040
45271
38134
41742
18661
94383
78785
26975
37082
95670
4910
97231
85146
26604
46704
9123
6640
95288
62118
39052
48872
96196
33042
13890
46196
47431
34594
37785
43071
97579
19504
16114
79508
8817
47768
59745
46186
58582
24681
17046
35021
32048
47477
87321
20087
37994
35006
18127
23342
26001
83731
10585
33962
8754
36451
68453
50005
63785
66259
49971
97685
75366
66262
61424
68816
47998
66414
25421
82229
32207
30949
11662
73558
11706
35440
11118
98968
71947
26914
78308
50929
26145
52445
31619
55864
46644
57393
84051
86838
89307
57572
83317
65935
5509
60042
84193
68049
46202
99915
95437
11718
75709
29710
40127
46150
72579
56886
14219
92913
36908
18426
8071
63578
95893
19126
4838
11208
30362
15005
29525
10141
81175
75240
59892
15685
43293
60832
5838
85322
62398
74318
56544
50012
78175
42614
7613
31286
73923
4164
87541
5975
34512
66876
79327
78464
45007
15909
62245
25174
69575
42306
95293
24305
88379
86572
88727
16188
80540
74586
8980
47981
73527
43174
11114
81857
20228
40365
37743
34143
70654
68263
72399
10100
43236
75601
30377
13067
93833
14683
63244
10766
26483
13025
20332
51969
35544
69045
92157
33520
51099
44200
98300
45664
91996
21683
13271
82175
66964
79444
63011
88285
29371
2333
58621
15200
56244
21906
70459
88167
12100
52887
59364
71283
68959
46686
77623
85684
35219
3079
61673
75298
95604
49884
93928
28723
63817
45841
85077
75244
85468
41981
7433
84778
48113
46752
21756
58469
26856
68079
37004
29379
66626
60427
6667
43441
46436
98262
2260
72650
17570
17663
6260
57930
31401
73365
73842
52565
29985
97620
51588
36805
53782
11408
14310
80953
51990
401
53772
74312
71971
52275
7059
83336
1182
1841
99674
38254
36069
48624
21585
59266
40027
19201
62922
57827
86941
19273
47163
3791
35031
85827
54094
55638
4433
52333
63581
51537
68506
26295
48525
5204
94211
80509
60326
16503
41980
66508
70902
71242
47587
67710
83616
77124
64325
24150
68048
94598
69340
70804
7756
50665
86476
10012
89867
12634
66011
22519
46243
39081
96489
76434
97453
37867
47411
85014
49883
14782
44619
53379
206
3480
18733
35967
82924
93625
35843
46561
93461
11062
78445
46448
7751
2114
41220
51463
78202
92631
60394
5158
69676
117
52160
12123
42866
68364
68416
60286
15501
49013
69220
39885
10045
36615
59547
12209
97987
1373
45615
29217
47140
11743
55389
86006
65235
77457
96230
81564
24951
62215
79241
12158
15532
676
31048
8221
19233
34213
86348
13618
38201
739
74170
28995
37889
61965
71003
5455
83967
87617
88795
40310
76296
84838
47677
91922
76754
43561
67174
96077
30569
51313
23175
87120
72884
60337
83354
41468
52751
31806
37707
22812
67694
90494
93216
55372
57273
85536
27690
28012
6811
5968
13257
98567
47109
66837
14765
12467
74409
59532
82201
60937
34760
30665
55113
81943
62996
2968
19654
87327
96450
79438
99946
48412
202
21814
1582
49867
61034
156
3521
54490
66815
6227
25586
36386
44262
19358
75113
46647
94761
92946
2658
69323
22405
17521
44035
62001
4238
37588
2311
82193
92375
30432
63903
76987
9308
73317
96934
30804
68035
42710
44997
11558
43121
96802
2310
5119
7694
85278
41917
74965
59207
70000
19841
77144
5545
76197
65211
22954
47963
64529
69679
16583
12457
52947
26809
68702
62124
78442
97735
15473
99018
7227
97350
69225
48744
93631
95678
93163
58778
37504
68141
88613
7190
68057
9022
23464
13649
33784
94233
1439
8881
56292
33164
90205
17529
58988
40275
88050
51088
60966
24709
2770
31838
56110
58671
68885
86203
8532
46310
24726
91271
37037
81393
71711
45049
65237
41019
4544
85059
22795
97139
21971
96070
96829
63360
26137
64219
92459
75209
69438
73296
4015
15516
98197
17404
64778
9380
9144
78027
33539
67871
71748
23703
35786
5861
63329
12595
44685
23388
68807
67490
41741
68100
42148
69343
6451
69283
10653
12390
46216
24116
52038
71300
94325
47753
31551
21959
26946
80846
93177
52480
36658
83290
81138
50406
15270
5065
53549
41345
60678
19261
19931
20211
9775
83924
72639
93151
5130
98021
96008
25794
15807
33378
40773
14628
12735
18595
70256
33215
31290
95928
21241
35091
48770
82609
96507
24165
33838
85147
37758
85928
57010
52878
46853
15077
3879
82496
77431
17661
34716
3810
72924
77640
42239
67814
87452
16459
94022
52290
11184
30356
11816
81390
62261
31122
18899
94409
79346
80472
80501
45215
48726
28598
53436
38104
53293
62996
79897
70632
90172
31935
8567
24437
22509
53116
37323
2606
89159
97424
58489
44459
97029
7233
88337
11800
47542
63303
20205
4926
60200
88840
28788
43651
80120
29527
44584
61847
95677
25455
23061
28476
26761
74788
42909
83548
76446
79328
84344
71230
72898
56152
81825
83103
84479
99449
98342
19300
57586
99923
49010
94100
70735
7838
43515
60873
31310
6594
69373
34308
16768
13796
54189
78323
13085
34091
69213
1367
60596
49428
50445
38208
97950
82775
78956
51676
97650
93403
15792
74443
82789
34350
82753
67184
21886
97489
50020
46729
94168
89282
42923
52308
44034
48894
2103
83490
76211
30007
51916
22194
96315
39472
4486
9645
20367
95279
61051
52882
80322
81226
49534
93435
70323
7649
25216
45371
31624
71211
84081
23186
46242
83507
92675
44012
3115
36646
63455
34153
27868
10259
77950
17879
49534
47078
2388
6234
93518
63150
89230
17255
74773
97889
76194
89267
52888
22478
42655
76675
36670
38401
97307
52970
17261
49320
84088
20908
64054
3738
91622
33546
70800
21291
45792
4031
49418
69429
5902
75649
56005
69273
5522
58053
99033
83345
65164
85501
19354
27266
21532
17446
71471
11302
62702
68828
25328
70970
2436
60985
86046
85694
92265
82039
61367
79825
38428
82703
40508
92149
78186
32394
40503
67425
40740
98797
30339
33345
3037
56756
38749
88237
16268
41885
21812
35495
28318
41458
65633
75441
43655
561
3659
6441
99373
30815
82773
24731
52322
29330
43456
63094
62078
8085
12602
51504
70406
85729
32184
19771
78943
35305
32451
96023
66090
11114
6413
25608
20507
35771
86337
32192
77606
11852
32744
17447
9068
84414
72807
50265
43088
15917
94059
91541
7575
16693
78008
94013
42316
38348
7498
53639
61821
1830
77685
35555
40354
34358
20117
63776
39417
83337
52878
94160
56195
63396
11221
66374
49835
26264
61625
55872
55991
73599
97257
77645
75625
2936
35528
58309
34391
33649
69924
64637
48590
71808
88671
26061
50031
31864
93958
94382
46429
31526
10295
98271
87728
9739
72170
95237
83151
28259
75707
28914
72874
4417
62446
98737
72609
72969
53190
2687
82200
5755
60363
79395
23255
87964
81360
45926
35564
9167
57482
42654
76751
27679
90055
35314
86526
24083
80848
72570
67017
36261
20564
6534
39889
57593
74644
70045
78984
21114
65219
68925
95375
33208
44537
75723
49960
13313
52949
65352
68810
45968
27304
72570
69985
38362
30677
32484
26839
16452
48086
44516
44512
34070
97287
67407
81054
94629
32895
96265
21559
74507
31655
54483
8982
88247
689
47080
62500
13027
5023
67092
70933
9040
33412
53655
80827
63060
9896
89819
89399
36207
14565
28292
60737
70768
27976
31184
18997
26069
83958
78363
99814
57198
94842
43302
76395
16399
19928
3527
68019
4166
46270
70059
35561
90646
46970
88302
115
59994
60510
19577
73905
93742
81969
37313
27300
54706
44738
12579
79174
55407
54483
81111
89597
96554
56447
65278
72680
24926
73923
60365
78526
69370
18066
86035
10224
87149
79622
13000
20676
80776
1045
65901
6937
96202
73887
22392
61434
70492
47507
93186
76251
28391
62497
83901
26960
63685
6919
40016
60941
38233
13385
57575
406
3968
47143
11386
62951
86918
91447
3345
45252
91322
48711
54778
68233
19300
57469
46118
47186
38501
24890
94240
61452
75578
46703
56774
15214
71563
12037
14774
46538
20988
80116
17779
78309
36775
65117
28079
2149
779
47474
59569
35436
64769
34147
29217
7334
62705
83069
69458
17584
17905
86194
61050
19967
32814
16222
87262
51881
58921
16364
73972
12507
80650
37552
98885
96635
48481
34747
77332
43133
14258
50754
62152
49514
15661
5005
735
93428
53130
77399
28796
98177
5
45331
79301
4366
58819
83977
74114
94015
20799
32813
24776
10685
25440
16054
39128
99255
22224
19431
95314
39994
49430
64828
62346
63460
700
17137
51076
34470
17369
2696
53814
55248
47883
12692
47968
13482
2925
69024
90942
57833
93817
25420
73510
79325
77091
89664
30594
48094
43347
73102
10329
39821
23513
52245
87323
40155
9229
84040
11783
57014
24124
92852
26518
96813
65093
56226
26204
18795
25364
37223
18989
17644
42598
2185
43544
32390
51014
28859
26993
67715
70871
4666
75899
49744
11627
45048
18338
9935
78106
61608
87690
42726
1029
37447
58343
3906
66723
48404
90248
46083
19916
93956
29932
46072
20030
84848
64588
90164
26127
81301
69402
20776
49111
12649
26609
65248
85465
81914
6529
23037
54324
7717
39677
31923
44784
87900
5031
19365
57557
92808
96503
11315
64573
78685
51162
34299
11025
317
50412
581
9159
13170
69051
63248
30447
67407
24224
25442
42606
24198
9009
71206
88142
80292
34748
83403
56803
36069
34353
30330
52867
58685
7333
11330
17200
4625
29216
50088
67319
51473
21291
77038
16026
49457
39395
76607
68441
1105
8433
22576
82386
94218
91684
30729
36032
76489
65891
43844
66499
98154
46001
81141
53297
8150
97834
26035
24821
52971
4104
98540
74594
46223
3120
44274
2587
65040
69438
12186
67245
11736
74461
37320
51419
89340
18548
61315
67151
83806
45213
77114
66560
36775
15943
48111
37333
430
87160
7412
8614
6104
99085
94643
93119
27045
16022
49495
23205
1985
20444
47478
93226
22256
42265
5683
44195
15532
40403
94082
99004
83846
24153
44906
20489
50878
92538
2412
15767
95678
16670
88203
4856
64461
45511
61566
88587
30245
7743
66409
76063
11087
9048
71552
30586
12276
61074
69920
71810
91757
46200
441
65354
39537
2206
78981
43906
20430
92140
82788
56520
73983
42529
11285
31632
4115
5829
27232
3690
30125
90480
31380
90813
94943
7937
67056
41804
10794
96778
78723
2197
85837
9814
74505
57637
51878
26566
88020
81152
77207
94062
23848
61817
21014
60306
6044
27795
70294
69476
89925
5460
16165
69091
23449
60120
29215
25701
61509
51204
65811
97723
99328
9545
61290
27845
5201
58558
91857
12911
74006
55367
21079
5445
91971
57668
86959
72174
52118
76009
89519
30867
96647
85473
89973
37041
84284
43190
70386
17407
43500
17571
22121
12838
11208
44572
3543
77660
83925
89026
93035
24428
23350
53102
99630
93759
868
19366
588
64536
14112
58807
46430
32594
53976
89131
87176
6063
56769
84326
28640
50467
61821
14374
57220
52880
66389
68348
31266
70635
52035
81880
13803
37498
45644
66777
19694
56428
6935
72364
25850
9250
54615
46972
25164
40667
92720
31908
50412
8987
60994
62647
31050
34748
80166
505
2163
1767
63640
31542
76307
73795
5952
32454
67793
22791
33990
17314
57977
86954
2495
790
51699
56153
46390
91458
2617
35282
72634
87090
63384
87892
4826
77468
74277
13365
51472
9231
56647
48389
33434
22661
41018
70847
12920
11257
71767
36167
76180
278
48175
40051
43543
85424
55160
39573
56135
54691
22897
66827
64155
25851
36350
37861
34554
664
57160
17895
20388
44207
35392
26972
11848
63072
41499
18221
75541
76128
5295
34468
2706
58357
65317
51234
82101
57706
42740
61684
32101
54951
79718
92835
60454
46762
69190
71402
71581
6435
58054
7613
51711
1089
61650
35861
5108
41857
57720
51234
35925
74146
37296
11463
21831
78104
55954
43547
1888
37752
60039
88563
69194
77709
71786
38159
12051
42129
57244
42038
53507
43718
70829
23089
11407
16914
14406
78520
56494
50795
76568
69863
99021
5652
7385
37374
58720
85214
82791
99541
75733
20357
98467
54974
59591
33353
33930
72342
83002
1935
40969
98444
33696
83357
31151
93424
80304
78249
19143
88180
47369
28734
99586
13380
91265
20358
93852
74141
64979
3323
66783
7805
83287
48272
41145
65211
88258
41515
99895
11237
24838
50703
87021
64176
62251
96267
86639
56233
40234
47485
57950
49795
72668
47820
95663
59785
31932
30360
78234
11029
72183
82086
91003
74614
65452
72452
71888
80449
92752
31244
84404
2938
38031
37189
2514
68862
15432
40255
97749
85070
34224
36191
51807
27255
72460
5200
64721
44012
33791
47912
10792
17529
7879
42644
2295
70763
58255
6765
4151
80665
43628
77187
53982
99272
49745
23302
8119
94623
2944
37960
1650
9074
80041
77700
8402
83225
71664
65511
16140
54906
834
95426
73713
25081
98879
66990
44696
94302
93324
20583
29302
40320
71102
26996
48956
19191
93522
29267
1895
23674
16572
95512
82171
10917
34027
25179
14231
97702
66834
82577
93824
15709
49379
72519
99807
60347
55606
92370
97416
43092
72085
609
13172
22289
15230
64277
99003
13120
59066
43301
7109
44807
42513
10115
22033
88084
98590
98799
19607
45997
48944
354
26572
74559
94504
43209
17791
67795
6370
88584
48059
53322
25619
67314
9975
9731